# AI Declaration: This script skeleton was generated with AI assistance and must be reviewed by the team.

1.568000
1.618000
1.434000
1.434000
1.399000
1.659000
1.445000
1.435000
1.490000
1.701000
1.455000
1.415000
1.508000
1.521000
1.473000
1.447000
1.419000
1.427000
1.615000
1.295000
1.390000
1.449000
1.774000
1.516000
1.410000
1.625000
1.397000
1.397000
1.419000
1.825000
1.387000
1.607000
1.420000
1.664000
1.649000
1.581000
1.573000
1.420000
1.524000
1.512000
1.389000
1.385000
1.355000
1.228000
1.399000
1.369000
1.384000
1.268000
1.370000
1.376000
1.582000
1.348000
1.432000
1.441000
1.430000
1.384000
1.515000
1.366000
1.318000
1.379000
1.559000
1.419000
1.347000
1.385000
1.403000
1.395000
1.443000
1.383000
1.395000
1.391000
1.557000
1.450000
1.582000
1.394000
1.666000
1.595000
1.627000
1.572000
1.349000
1.566000
1.438000
1.493000
1.352000
1.409000
1.377000
1.365000
1.560000
1.369000
1.588000
1.352000
1.451000
1.429000
1.477000
1.419000
1.435000
1.577000
1.380000
1.473000
1.617000
1.363000
1.388000
1.611000
1.372000
1.281000
1.586000
1.819000
1.603000
1.508000
1.569000
1.508000
1.485000
1.363000
1.520000
1.383000
1.448000
1.442000
1.335000
1.367000
1.460000
1.419000
1.457000
1.495000
1.550000
1.395000
1.426000
1.379000
1.365000
1.453000
1.398000
1.528000
1.374000
1.349000
1.405000
1.364000
1.421000
1.430000
1.410000
1.349000
1.360000
1.316000
1.422000
1.371000
1.391000
1.555000
1.446000
1.501000
1.426000
1.485000
1.394000
1.391000
1.571000
1.486000
1.342000
1.483000
1.381000
1.367000
1.417000
1.385000
1.389000
1.358000
1.381000
1.342000
1.343000
1.420000
1.389000
1.369000
1.361000
1.521000
1.445000
1.362000
1.383000
1.378000
1.377000
1.349000
1.392000
1.370000
1.438000
1.524000
1.388000
1.455000
1.536000
1.558000
1.468000
1.491000
1.707000
1.593000
1.471000
1.447000
1.444000
1.462000
1.490000
1.701000
1.511000
1.465000
1.451000
1.456000
1.454000
1.466000
1.492000
1.445000
1.438000
1.462000
1.471000
1.457000
1.465000
1.587000
1.632000
1.657000
1.527000
1.603000
1.744000
1.578000
1.919000
1.675000
1.501000
1.539000
1.555000
1.552000
1.517000
1.565000
1.548000
1.697000
1.524000
1.544000
1.575000
1.625000
1.602000
1.729000
1.492000
1.349000
1.523000
1.686000
1.452000
1.475000
1.442000
1.463000
1.472000
1.440000
1.734000
1.561000
1.454000
1.454000
1.686000
1.613000
1.757000
1.602000
1.689000
1.642000
1.624000
1.583000
1.894000
1.613000
1.571000
1.816000
1.663000
1.839000
1.620000
1.642000
1.592000
1.575000
1.581000
1.629000
1.581000
1.670000
1.592000
1.618000
1.603000
1.690000
1.828000
1.602000
1.637000
1.660000
1.613000
1.579000
1.447000
1.542000
1.442000
1.412000
1.399000
1.425000
1.496000
1.429000
1.499000
1.410000
1.490000
1.511000
1.419000
1.633000
1.440000
1.368000
1.398000
2.100000
1.590000
2.177000
1.865000
1.610000
1.790000
1.608000
1.663000
1.597000
1.576000
1.550000
1.532000
1.591000
1.590000
1.595000
1.678000
1.545000
1.626000
1.590000
1.640000
1.605000
1.452000
1.542000
1.627000
1.540000
1.578000
1.544000
1.575000
1.650000
1.646000
1.386000
1.696000
2.128000
1.601000
1.716000
1.644000
1.633000
1.723000
1.580000
1.651000
1.646000
1.451000
1.583000
1.624000
1.823000
1.732000
1.450000
1.450000
1.460000
1.435000
1.419000
1.407000
1.434000
1.401000
1.352000
1.474000
1.491000
1.567000
1.527000
1.496000
1.431000
1.384000
1.460000
1.480000
1.424000
1.473000
1.586000
1.405000
1.509000
1.644000
1.447000
1.443000
1.495000
1.583000
1.455000
1.561000
1.497000
1.442000
1.376000
1.584000
1.837000
1.822000
1.559000
1.845000
1.559000
1.628000
1.588000
1.423000
1.402000
1.482000
1.494000
1.414000
1.371000
1.483000
1.494000
1.426000
1.485000
1.522000
1.442000
1.448000
1.415000
1.457000
1.585000
1.643000
1.614000
1.449000
1.494000
1.432000
1.454000
1.521000
1.448000
1.417000
1.436000
1.373000
1.394000
1.344000
1.563000
1.421000
1.359000
1.329000
1.417000
1.346000
1.648000
1.378000
1.473000
1.459000
1.424000
1.412000
1.540000
1.615000
1.405000
1.384000
1.454000
1.817000
1.596000
1.391000
1.726000
2.014000
1.636000
1.542000
1.696000
1.506000
1.499000
1.476000
1.527000
1.490000
1.507000
1.519000
1.650000
1.742000
1.507000
1.646000
1.570000
1.497000
1.477000
1.526000
1.492000
1.492000
1.482000
1.469000
1.513000
1.495000
1.558000
1.533000
1.675000
1.507000
1.454000
1.377000
1.525000
1.568000
1.508000
1.455000
1.744000
1.543000
1.468000
1.498000
1.479000
1.499000
1.748000
1.508000
1.708000
1.599000
1.559000
1.596000
1.827000
1.623000
1.955000
1.835000
1.492000
1.514000
1.700000
1.635000
1.793000
1.636000
1.406000
1.750000
1.546000
1.457000
1.315000
1.392000
1.367000
1.359000
1.375000
1.364000
1.354000
1.648000
1.382000
1.443000
1.400000
