# AI Declaration: This script skeleton was generated with AI assistance and must be reviewed by the team.

2.306000
2.712000
2.404000
2.348000
2.450000
2.230000
2.229000
2.137000
2.646000
2.637000
2.589000
2.387000
2.327000
2.382000
2.350000
2.258000
2.266000
2.621000
2.351000
2.329000
2.334000
2.279000
2.357000
2.360000
2.306000
2.439000
2.403000
2.218000
2.285000
2.472000
2.401000
2.877000
2.491000
2.406000
2.572000
2.301000
2.423000
2.430000
2.346000
2.402000
2.193000
2.284000
2.304000
2.501000
2.142000
2.161000
2.164000
2.066000
2.228000
2.196000
2.279000
2.182000
2.206000
2.486000
2.438000
2.639000
2.457000
2.448000
2.550000
2.524000
2.537000
2.289000
2.147000
2.256000
2.111000
2.194000
2.239000
2.364000
2.275000
2.059000
2.242000
2.173000
2.089000
2.277000
2.412000
2.356000
2.348000
2.263000
2.245000
2.416000
2.491000
2.701000
2.442000
2.364000
2.461000
2.564000
2.270000
2.310000
2.355000
2.255000
2.312000
2.294000
2.217000
2.517000
2.374000
2.394000
2.414000
2.436000
2.413000
2.303000
2.305000
2.598000
2.469000
2.447000
2.654000
2.470000
2.380000
2.425000
2.511000
2.364000
2.199000
2.428000
2.283000
2.483000
2.312000
2.260000
2.216000
2.246000
2.435000
2.521000
2.210000
2.534000
2.293000
2.379000
2.413000
2.367000
2.448000
2.234000
2.430000
2.248000
2.089000
2.248000
2.408000
2.265000
2.352000
2.463000
2.439000
2.277000
2.110000
2.271000
2.445000
2.260000
2.469000
2.113000
2.671000
2.377000
2.125000
2.684000
2.789000
2.594000
2.678000
2.625000
2.551000
2.657000
2.447000
2.280000
2.504000
2.319000
2.280000
2.265000
2.214000
2.420000
2.181000
2.419000
2.323000
2.222000
2.276000
2.209000
2.470000
2.277000
2.418000
2.300000
2.356000
2.163000
2.361000
2.404000
2.214000
2.431000
2.254000
2.376000
2.594000
2.501000
2.330000
2.599000
2.297000
2.338000
2.319000
2.699000
2.768000
2.456000
2.366000
2.338000
2.173000
2.254000
2.344000
2.601000
2.523000
2.404000
2.480000
2.274000
2.440000
2.285000
2.309000
2.342000
2.206000
2.281000
2.470000
2.141000
2.260000
2.210000
2.383000
2.523000
2.633000
2.616000
2.497000
2.516000
2.646000
2.326000
2.217000
2.154000
2.136000
2.003000
2.287000
2.469000
2.180000
2.237000
2.228000
2.232000
2.221000
2.229000
2.116000
2.085000
2.223000
2.001000
2.184000
2.236000
2.207000
2.359000
2.279000
2.237000
2.222000
2.221000
2.247000
2.648000
2.314000
2.339000
2.338000
2.236000
2.299000
2.258000
2.445000
2.373000
2.534000
2.427000
2.709000
2.353000
2.395000
2.368000
2.506000
2.280000
2.531000
2.382000
2.328000
2.257000
2.297000
2.351000
2.385000
2.451000
2.429000
2.183000
2.452000
2.419000
2.179000
2.462000
2.630000
2.504000
2.298000
2.459000
2.572000
2.475000
2.712000
2.425000
2.588000
2.510000
2.376000
2.530000
2.481000
2.701000
2.107000
2.573000
2.315000
2.285000
2.172000
2.268000
2.558000
2.381000
2.409000
2.586000
2.822000
2.559000
2.653000
2.511000
2.454000
2.491000
2.302000
2.399000
2.294000
2.322000
2.362000
2.669000
2.521000
2.348000
2.466000
2.323000
2.387000
2.340000
2.525000
2.342000
2.405000
2.278000
2.494000
2.374000
2.285000
2.243000
2.226000
2.412000
2.155000
2.244000
2.249000
2.092000
2.467000
2.248000
2.776000
2.538000
2.550000
2.591000
2.332000
2.344000
2.360000
2.252000
2.424000
2.504000
2.285000
2.302000
2.295000
2.565000
2.244000
2.363000
2.254000
2.203000
2.697000
2.468000
2.523000
2.452000
2.289000
2.400000
2.435000
2.311000
2.245000
2.432000
2.341000
2.505000
2.321000
2.250000
2.251000
2.406000
2.358000
2.450000
2.376000
2.240000
2.100000
2.394000
2.152000
2.457000
2.222000
2.035000
2.132000
2.175000
2.397000
2.106000
2.208000
1.993000
2.141000
2.144000
2.275000
2.190000
2.203000
2.235000
2.409000
2.379000
2.155000
2.242000
2.273000
2.379000
2.263000
2.260000
2.242000
2.190000
2.247000
2.269000
2.574000
2.656000
2.478000
2.316000
2.284000
2.453000
2.374000
2.654000
2.388000
2.164000
2.421000
2.538000
2.675000
2.440000
2.290000
2.630000
2.592000
2.618000
2.485000
2.289000
2.285000
2.247000
2.354000
2.231000
2.246000
2.499000
2.405000
2.330000
2.476000
2.414000
2.152000
2.181000
2.401000
2.279000
2.397000
2.039000
2.130000
2.212000
2.195000
2.506000
2.279000
2.217000
2.188000
2.270000
2.204000
2.114000
2.356000
2.008000
2.213000
2.158000
2.258000
2.205000
2.314000
2.414000
2.443000
2.332000
2.199000
2.326000
2.543000
2.218000
2.712000
2.349000
2.280000
2.609000
2.266000
2.574000
2.178000
2.326000
2.274000
2.396000
2.288000
2.353000
2.414000
2.360000
2.206000
2.248000
2.259000
2.530000
2.268000
2.319000
2.135000
2.618000
2.402000
2.346000
2.227000
2.200000
2.267000
2.472000
2.326000
2.300000
2.310000
2.350000
2.159000
2.248000
2.156000
2.229000
2.266000
2.355000
2.239000
2.270000
