# AI Declaration: This script skeleton was generated with AI assistance and must be reviewed by the team.

8.877000
8.390000
8.322000
8.563000
9.137000
9.828000
9.716000
9.348000
8.908000
8.955000
9.145000
8.391000
7.722000
7.858000
7.584000
8.660000
8.546000
8.632000
8.908000
8.549000
9.800000
8.942000
9.215000
9.607000
9.290000
7.952000
9.162000
8.991000
8.732000
8.935000
7.533000
7.823000
8.230000
9.147000
8.242000
8.794000
8.717000
7.621000
9.399000
9.405000
10.531000
9.194000
8.859000
8.641000
9.054000
8.878000
9.603000
10.301000
9.142000
8.589000
7.607000
8.555000
9.520000
8.762000
9.840000
7.986000
8.286000
8.235000
7.778000
8.043000
7.828000
8.440000
8.220000
8.508000
8.250000
8.753000
8.778000
7.738000
7.962000
8.711000
7.877000
7.457000
8.405000
8.724000
7.829000
8.307000
8.561000
8.528000
8.213000
8.385000
8.370000
8.012000
8.851000
8.943000
7.846000
8.940000
9.046000
8.893000
8.171000
8.523000
9.806000
8.583000
8.731000
8.765000
9.009000
8.597000
7.715000
8.378000
7.985000
8.203000
8.585000
9.278000
8.912000
8.676000
7.815000
9.191000
8.279000
9.174000
9.752000
8.765000
7.951000
8.555000
8.579000
7.983000
8.974000
7.896000
7.698000
9.855000
8.511000
8.751000
8.355000
7.263000
7.887000
9.452000
10.154000
9.374000
9.980000
9.548000
8.711000
8.164000
7.737000
8.181000
8.473000
8.692000
8.224000
8.117000
8.138000
7.847000
7.589000
7.887000
8.637000
7.160000
8.675000
7.730000
8.833000
8.713000
7.382000
7.744000
8.533000
8.247000
8.592000
7.822000
7.845000
8.141000
8.148000
7.425000
8.995000
9.487000
8.337000
8.220000
7.781000
7.129000
8.869000
7.356000
7.495000
8.439000
7.776000
8.184000
8.711000
8.160000
8.184000
8.045000
9.172000
7.422000
7.932000
7.831000
8.931000
8.073000
7.886000
8.714000
7.994000
8.973000
8.166000
8.836000
8.147000
8.709000
8.436000
8.884000
7.661000
9.007000
8.737000
8.550000
8.699000
8.231000
9.001000
8.570000
7.934000
8.152000
8.016000
7.431000
6.459000
8.459000
7.697000
7.155000
7.658000
7.897000
7.950000
7.784000
7.055000
7.578000
7.672000
8.262000
8.115000
7.906000
7.581000
8.181000
9.124000
10.054000
8.920000
9.997000
8.302000
7.880000
7.937000
8.833000
8.644000
9.295000
8.888000
8.813000
8.077000
8.713000
7.450000
8.770000
8.692000
8.301000
8.893000
8.686000
8.869000
8.753000
7.598000
7.812000
7.528000
9.283000
8.038000
8.441000
8.266000
7.365000
7.747000
8.517000
8.320000
7.217000
7.813000
8.335000
9.558000
10.057000
7.547000
9.132000
7.058000
7.448000
7.404000
7.766000
7.425000
10.091000
9.408000
10.283000
7.590000
8.094000
8.968000
7.639000
7.781000
7.648000
8.834000
9.554000
7.977000
7.932000
7.697000
9.131000
8.504000
8.960000
7.899000
8.392000
9.236000
10.751000
9.912000
9.550000
8.723000
7.661000
7.958000
7.778000
8.654000
8.363000
7.903000
8.379000
7.995000
7.883000
8.455000
8.206000
7.589000
7.955000
8.433000
7.834000
8.294000
8.585000
8.462000
7.832000
7.541000
8.406000
8.146000
8.327000
7.658000
8.103000
9.305000
7.924000
8.664000
8.255000
7.297000
6.821000
7.258000
7.597000
7.672000
9.241000
7.821000
8.426000
8.480000
8.606000
8.376000
9.010000
10.032000
9.150000
9.356000
9.689000
9.180000
9.544000
10.079000
9.306000
8.725000
8.915000
8.825000
8.620000
7.953000
8.936000
8.753000
9.573000
10.102000
7.933000
8.772000
8.724000
8.800000
8.469000
8.489000
8.779000
8.013000
8.593000
7.666000
8.061000
7.789000
7.514000
6.560000
8.473000
9.656000
8.531000
9.132000
9.119000
9.856000
8.788000
8.008000
8.586000
8.421000
8.111000
9.236000
9.917000
8.344000
7.060000
8.791000
7.678000
8.295000
8.598000
7.881000
8.686000
8.247000
8.880000
8.272000
9.095000
7.341000
8.355000
7.904000
8.013000
9.804000
9.348000
10.550000
8.987000
7.560000
7.757000
8.500000
8.159000
8.764000
8.835000
8.605000
8.013000
9.392000
8.976000
8.499000
10.225000
8.487000
7.980000
8.036000
8.747000
9.078000
8.494000
8.234000
7.716000
7.727000
7.696000
7.862000
7.989000
7.859000
7.727000
7.653000
8.433000
8.759000
7.892000
8.034000
8.104000
8.210000
7.851000
9.436000
9.238000
8.511000
8.101000
8.605000
8.840000
8.138000
8.520000
8.332000
8.629000
8.077000
8.630000
8.311000
8.028000
7.889000
8.000000
8.375000
8.217000
7.305000
8.922000
7.838000
8.102000
7.655000
7.370000
10.355000
9.401000
9.774000
9.746000
8.241000
8.629000
7.405000
7.975000
8.451000
7.218000
8.163000
8.442000
7.636000
8.498000
8.139000
8.193000
8.830000
10.358000
9.650000
10.550000
10.355000
9.057000
9.143000
9.789000
10.071000
9.074000
9.454000
9.446000
8.055000
7.117000
8.275000
8.186000
8.114000
7.887000
8.920000
8.388000
8.149000
8.158000
7.958000
8.480000
9.378000
9.202000
8.804000
9.070000
8.745000
8.259000
7.006000
7.845000
8.737000
7.718000
8.901000
8.269000
