# AI Declaration: This script skeleton was generated with AI assistance and must be reviewed by the team.

2.871000
2.380000
2.756000
2.701000
2.839000
2.927000
2.611000
2.371000
2.466000
2.346000
2.474000
2.106000
2.266000
2.417000
2.244000
2.238000
2.334000
2.261000
2.544000
2.126000
2.276000
2.299000
2.223000
2.133000
2.526000
2.202000
2.287000
2.328000
1.984000
2.401000
2.197000
2.420000
2.366000
2.344000
2.399000
2.341000
2.463000
2.336000
2.428000
2.307000
2.225000
2.400000
2.508000
2.381000
2.566000
2.471000
2.320000
2.254000
2.289000
2.358000
2.470000
2.516000
2.523000
2.414000
2.360000
2.303000
2.377000
2.179000
2.527000
2.548000
2.125000
2.623000
2.253000
2.319000
2.482000
2.226000
2.123000
2.323000
2.704000
2.350000
2.445000
2.321000
2.243000
2.497000
2.272000
2.285000
2.208000
2.339000
2.441000
2.761000
2.631000
2.602000
2.442000
2.348000
2.343000
2.963000
2.367000
2.951000
2.149000
2.108000
2.082000
2.255000
2.346000
2.277000
2.360000
2.105000
2.239000
2.157000
2.495000
2.171000
2.266000
2.189000
2.571000
2.231000
2.309000
2.188000
2.275000
2.188000
2.307000
2.192000
2.096000
2.242000
2.232000
2.077000
2.190000
2.238000
2.067000
2.292000
2.450000
2.172000
2.131000
2.202000
2.573000
2.572000
2.498000
2.311000
2.337000
2.436000
2.550000
2.311000
2.786000
2.746000
2.735000
2.603000
2.418000
2.404000
2.280000
2.348000
2.338000
2.278000
2.260000
2.310000
2.207000
2.446000
2.387000
2.362000
2.349000
2.501000
2.369000
2.235000
2.008000
2.331000
2.445000
2.308000
2.397000
2.154000
2.198000
2.486000
2.080000
2.279000
2.695000
2.329000
2.876000
2.278000
2.722000
2.535000
2.391000
2.753000
2.579000
2.429000
2.470000
2.341000
2.594000
2.554000
2.665000
2.324000
2.122000
2.833000
2.500000
2.457000
2.766000
2.616000
2.482000
2.464000
2.549000
2.393000
2.528000
2.380000
2.416000
2.435000
2.331000
2.834000
2.315000
2.339000
2.512000
2.380000
2.506000
2.288000
2.130000
2.547000
2.262000
2.235000
2.306000
2.369000
2.223000
2.243000
2.497000
2.128000
2.586000
2.381000
2.462000
2.661000
2.525000
2.300000
2.873000
2.376000
2.588000
2.843000
2.740000
2.382000
2.818000
2.403000
2.335000
2.292000
2.197000
2.361000
2.214000
2.489000
2.642000
2.643000
2.481000
2.651000
2.483000
2.516000
2.238000
2.411000
2.556000
2.280000
2.233000
2.917000
2.970000
2.667000
2.399000
2.464000
2.369000
2.390000
2.532000
2.470000
2.253000
2.482000
2.205000
2.099000
2.311000
2.128000
2.562000
2.393000
2.157000
2.434000
2.238000
2.336000
2.545000
2.491000
2.209000
2.337000
2.721000
2.773000
2.610000
2.455000
2.442000
2.415000
2.358000
2.417000
2.805000
2.459000
2.724000
2.660000
2.365000
2.786000
2.450000
2.388000
2.268000
2.354000
2.802000
2.250000
2.373000
2.263000
2.332000
2.234000
2.592000
2.186000
2.487000
2.519000
2.549000
2.753000
2.678000
2.596000
2.646000
2.639000
2.577000
2.554000
2.673000
3.075000
2.734000
2.746000
2.418000
2.349000
2.875000
2.808000
2.678000
2.370000
2.703000
2.625000
2.539000
2.549000
2.769000
2.947000
2.757000
2.739000
2.337000
2.551000
2.527000
2.286000
2.311000
2.533000
2.425000
2.287000
2.371000
2.552000
2.442000
2.574000
2.470000
2.373000
2.282000
2.460000
2.277000
2.204000
2.196000
2.365000
2.135000
2.551000
2.724000
2.591000
2.297000
2.491000
2.445000
2.285000
2.409000
2.212000
2.866000
2.341000
2.597000
2.760000
2.715000
2.469000
2.370000
2.515000
2.500000
2.170000
2.155000
2.276000
2.116000
2.160000
2.433000
2.521000
2.200000
2.380000
2.460000
2.344000
2.347000
2.401000
2.367000
2.338000
2.630000
2.226000
2.395000
2.550000
2.327000
2.356000
2.443000
2.159000
2.195000
2.167000
2.724000
2.395000
2.310000
2.333000
2.371000
2.328000
2.285000
2.492000
2.344000
2.269000
2.413000
2.116000
2.493000
2.565000
2.543000
2.427000
2.441000
2.315000
2.493000
2.271000
2.343000
2.478000
2.498000
2.461000
2.531000
2.822000
2.854000
2.473000
2.559000
2.622000
2.477000
2.729000
2.582000
2.559000
2.618000
2.553000
2.809000
2.575000
2.689000
3.027000
2.454000
2.652000
2.421000
2.462000
2.559000
2.464000
2.507000
2.258000
2.427000
2.329000
2.315000
2.891000
2.476000
2.397000
2.525000
2.401000
2.426000
2.337000
2.298000
2.425000
2.234000
2.319000
2.257000
2.359000
2.165000
2.225000
2.186000
2.441000
2.196000
2.321000
2.290000
2.383000
2.209000
2.178000
2.453000
2.445000
2.542000
2.558000
2.328000
2.449000
2.381000
2.434000
2.511000
2.699000
2.394000
2.375000
2.334000
2.308000
2.354000
2.663000
2.573000
2.690000
2.551000
2.755000
2.497000
2.252000
2.264000
2.706000
2.492000
2.192000
2.424000
2.611000
2.605000
2.543000
2.561000
2.499000
2.766000
2.499000
2.285000
2.333000
2.643000
2.604000
2.653000
2.326000
2.414000
2.297000
2.684000
2.507000
